Q1,Q2,QN6,QN7,QN8,QN9,QN10,QN11,QN12,QN13,QN14,QN15,QN16,QN17,QN18,QN19,QN20,QN21,QN22,QN23,QN24,QN25,QN26,QN27,QN28,QN29,QN30,QN31,QN32,QN33,QN34,QN35,QN36,QN37,QN38,QN39,QN40,QN41,QN42,QN43,QN44,QN45,QN46,QN47,QN48,QN49,QN50,QN51,QN52,QN53,QN54,QN55,QN56,QN57,QN58
1.0,-0.12541965155552537,-0.006796273674441956,0.16302522848552992,0.14378084810614764,-0.09551181338200004,-0.08845416788167744,-0.047429842174146676,-0.026955222137996875,-0.02044739079583916,-0.0074146639167698754,-0.045483792050732774,-0.053609037162548244,-0.04995721491672134,-0.020020469353251188,-0.03395715816139007,-0.02270956687652927,-0.017291185457713465,0.035760718602247374,0.059598908584358866,-0.008170001469214545,-0.007238207544648441,-0.0031344305657320637,-0.00258962469890153,-0.011847024007973054,0.032432979445770733,-0.002096375333975741,0.052659032278129146,0.026393255647320077,-0.007225947018160008,0.06440195438157464,0.1966156813118262,0.20184967413974014,0.19545005265834992,0.21373940450634135,0.09202908098724999,0.06614828796896895,0.06320480130460482,0.030467881700658152,0.010932970979305607,0.2799275493872405,0.1874008021115471,0.2238320725638922,0.2522466309718827,0.2677118053451213,-0.04691747241522173,-0.038117205382198815,-0.016974983661859788,-0.030681958753155717,0.05945038282510075,-0.03616033669440254,0.13302106469303737,-0.02894727132820353,0.12870969952384728,-0.005751308728418179
-0.12541965155552537,1.0,-0.008525704318514297,0.012580500588572574,0.018796571434540683,0.0066921768007076245,-0.03668873954740263,-0.013671046417174253,-0.010211666063081819,-0.04880617425337489,-0.022270182826439007,-0.08211027274120625,-0.11810722682817443,-0.08742414205842403,-0.07535347827635541,-0.07216078863415558,0.020934034517011577,0.0016468932762630454,0.05530311540058025,0.02417613641767737,0.01027296313924372,0.0006172647863243263,-0.02545375229369934,0.01683182675925223,-0.15332363339309205,-0.1370441568232376,-0.06230673380078306,-0.13476703153522573,-0.047599118434818295,0.006821833678554342,-0.13026187792469476,-0.11653289767638612,-0.14679205745797447,-0.10893159463242731,-0.18365132576086654,-0.09815499368746279,-0.12646387001109094,-0.11059824864359774,-0.0744582829426414,-0.07585230543647968,-0.2003545717526376,-0.2508014280944474,-0.24472695031643155,-0.2167392529975688,-0.22477392789880593,0.04352447436772191,0.1054505533873442,0.02395260610212977,-0.01232869151674134,-0.03686558626943931,-0.009462052828324803,-0.004763939915991761,0.03668506171386696,-0.045908018979886035,0.01860121787426595
-0.006796273674441956,-0.008525704318514297,1.0,-4.798084548529759e-05,-0.021043729178223104,-0.040555335646764855,0.02962125454984033,0.10696114521460713,0.04672588069235662,0.06146968852345186,0.05950502324423801,0.11958699086492472,0.08420741029264045,0.1084066116641018,0.05793587410197712,0.07695488712151323,0.10025134024112893,0.07914782784591605,0.07285250327612112,0.15673848368428794,0.0757271301301438,0.07144287871830889,0.10816992242839107,0.03671920351082262,0.0454726504295966,0.06957499034235036,0.09435096705267404,0.012389390678162396,0.004622702730497619,0.047372186443998064,-0.01713126294118076,-0.03722022956541063,-0.011118747975993815,-0.022635776122827463,-0.021992373038269165,0.046982045177517764,0.048869557749079015,0.07967626867268172,0.08242008917723166,0.09578479456322309,0.020477784457171536,0.006724803822479,0.012163167284887798,0.03205359566988609,0.017050060074895172,-0.02061019738784788,-0.02911404178067667,-0.01268095571235275,-0.004452146338708052,0.08928490574025613,-0.003729105500691742,-0.03910632120749211,-0.007718207302273241,0.023329285983142236,0.023447030062227082
0.16302522848552992,0.012580500588572574,-4.798084548529759e-05,1.0,0.33247212814974164,-0.2647779075186545,-0.2210188646558517,0.05075000320555791,0.02640234058767891,0.054874010970843434,0.08131754977437615,-0.02868837586128537,-0.03600783348840969,-0.07691868640735487,-0.06058997483307914,-0.06996453659825459,-0.02150155099538481,-0.007110609086281025,0.03211107143592874,0.02315340332123046,0.022528842867745324,-0.0351687638567586,-0.04875362029430018,-0.004851189790958859,0.03190422520406913,0.0030335930708847007,0.0036664331255554235,0.015141861901502511,-0.017792110683940734,0.018719077438457035,0.03826458982948039,0.03469790447163826,0.04555753290997514,0.053552914791452966,0.07016454739591611,0.009498558924338036,0.01761877583252852,0.02276430982497687,0.0027558795481420852,-0.021037617717237386,0.03443664674474274,0.016548970017477915,0.021081885018322446,0.06706213584759725,0.04104395085417051,0.009931493724954001,0.04696406523065932,0.028131766074944144,-0.07748799281293936,-0.0071909899984677565,0.04206665417591997,0.15224710301578437,-0.08129684738678904,0.04600038940831787,-0.07616756999478087
0.14378084810614764,0.018796571434540683,-0.021043729178223104,0.33247212814974164,1.0,-0.2160413687453706,-0.25072183090058525,0.018854430955405815,-0.0022354233529919935,0.014426596936347843,0.051931214632363866,-0.07123694834709393,-0.05406529297590549,-0.07008162815607628,-0.046404564912024306,-0.06331317505673728,-0.044278480670386644,-0.02100080230068236,-0.021957578340246378,-0.03706301478350919,-0.028199389883321116,-0.05241114175792909,-0.05173355503382367,-0.014779697342285417,-0.02016440807984127,-0.04296704921781258,-0.04104255466361421,0.0016801567600477417,-0.02736462792616733,-0.015696745738058068,0.061937933793386066,0.04789926763597534,0.04675113053352223,0.05304216886189189,0.050928645786169256,-0.006808469088179797,-0.02123968669856689,-0.03488383598160959,-0.04759822122806512,-0.07720397996510764,0.02565112558777514,0.012397397892257876,0.005670990795319635,0.0394952723907136,0.02851965427719624,0.01811919441958926,0.05026637575211503,0.05852562413917031,-0.11773966373578146,-0.032309901403770346,0.04878110950878642,0.11868263384541074,-0.04782719356383925,0.033901461355360485,-0.03564362560424385
-0.09551181338200004,0.0066921768007076245,-0.040555335646764855,-0.2647779075186545,-0.2160413687453706,1.0,0.21167066516836253,-0.10887857991062833,-0.008348888264708768,-0.04057237678928016,-0.08609165317932348,0.027106954373080593,0.031419670702578124,0.04058743444963304,0.021317841365242646,0.03156933134479775,0.0008918055687698306,0.004423597650170753,-0.03166672251148465,-0.01777292427487898,0.020053472546015805,0.04738667584897747,0.026619051201504946,-0.04617949482758454,0.003823550308673257,0.048924266382761886,0.022479296386763627,0.028959241718063054,0.04265055215821167,-0.008854862169902925,-0.0006295327922601468,0.026392480998176208,0.03504284818116336,0.015271342965642464,-0.0011912782259855621,0.020893558863754175,-0.004939743934072182,0.012088504070919324,0.016210175005994823,0.014402178861068305,-0.03208988314971929,-0.02449913558953806,0.0039061845541985946,-0.03951954837926909,-0.030203861132506,-0.02814930141884322,-0.05323803076472335,-0.046360612649619555,0.10813403466542412,0.02594711464907169,-0.054672926167190695,-0.1132040618364011,0.05712760126790276,-0.06705586129774534,0.038031002976205854
-0.08845416788167744,-0.03668873954740263,0.02962125454984033,-0.2210188646558517,-0.25072183090058525,0.21167066516836253,1.0,0.006319812276188609,0.02387584330946599,-0.0004830782309543668,-0.056526655248100285,0.11446319302940501,0.1322379837922975,0.11173586493957695,0.07627636208001107,0.1089588586161228,0.09020575449987595,0.055536729092883645,0.028664774555456508,0.048450112186315834,0.04944586741705839,0.09706321136241557,0.14528146986926763,0.005013306970180571,0.03536164915643889,0.08050585314180501,0.10629102178491417,0.02469537844941861,0.04600957022171805,0.012843975082920372,-0.024522395255508707,0.01637067632737074,0.021686927944906998,-0.007722507436397677,0.002643289771464402,0.08924489682316969,0.08571796908288638,0.08292728558015815,0.108084700502521,0.14700006375338426,0.0039068871504020445,0.005019920427550011,0.021520679183486487,-0.017060057828917407,-0.010624188781537291,0.01971316923721681,-0.058790180757980315,-0.051510039945476975,0.09021652428523347,0.0721275067320517,-0.039227964791187224,-0.1462867005543693,0.04067480602935236,-0.019594166886298205,0.06082539361786951
-0.047429842174146676,-0.013671046417174253,0.10696114521460713,0.05075000320555791,0.018854430955405815,-0.10887857991062833,0.006319812276188609,1.0,0.08652091796056934,0.1648496211109809,0.14945336691127614,0.10164481297238279,0.1074869115025142,0.06526404729536762,0.022365219757622273,0.03738415224548167,0.07851345988095682,0.06148102017598173,0.020412253701380025,0.06043046471195164,0.0885282002747632,0.07031446613305396,0.08497291237565739,0.06281639726340214,0.06071317338308725,0.08046900235802748,0.10557674711255606,0.03968617059683328,0.009578409909731415,0.0605970284292186,0.0041599858375369475,-0.02557937184328592,-0.015133891336693885,-0.026914990815681206,0.0002577341338983322,0.06501362410839834,0.10840180353197798,0.09150915815161587,0.09148499241226934,0.11374394993947987,0.005512031534830519,0.01608158178306909,-0.014494339561360453,0.005840035868500708,0.004160767242181045,0.004448384097917086,0.011559923880736922,0.008988625017560857,-0.04032817735507326,0.08141073690728971,0.05688399766344602,0.03713795885734553,-0.07243991185616869,0.05966783891529788,0.0023945632102322307
-0.026955222137996875,-0.010211666063081819,0.04672588069235662,0.02640234058767891,-0.0022354233529919935,-0.008348888264708768,0.02387584330946599,0.08652091796056934,1.0,0.26994366013101156,0.1639000384263213,0.04296227183690938,0.06676322974641498,0.013411798478050335,0.018978900234955694,0.0014643815634994433,0.031588254207172005,0.018531350165501857,0.036966381363456466,0.04464640987148857,0.029421598829979412,0.026404692199054225,0.047203884279635816,0.03803580111244037,0.08682026307264094,0.08426463298820126,0.10048729775157561,0.04891866855619189,0.006103991599600804,0.06752596367021424,0.03158114615761906,0.025127240427366762,0.033336173946788325,0.005301805349427379,0.03474745202693897,0.05527394028505817,0.0642078429017403,0.10660837625913452,0.11611322833019577,0.10407488893221702,-0.007359575062359339,0.0015175518421091652,-0.006662532527723487,0.009962627753327017,-0.012836233283833954,-0.002300654636265014,-0.03894466918588897,-0.011570711331976832,0.04279603359142549,0.06808243814213151,0.03242208619095331,0.0557741765565944,-0.05193352163876712,0.032345453598588696,-0.01681566324489821
-0.02044739079583916,-0.04880617425337489,0.06146968852345186,0.054874010970843434,0.014426596936347843,-0.04057237678928016,-0.0004830782309543668,0.1648496211109809,0.26994366013101156,1.0,0.2359386673010025,0.04976962922522235,0.04938038234656763,-0.0006062911143551902,-0.0035168014998682193,-0.007984732666121283,0.057475586334992675,0.024989669699847217,0.02480403911469708,0.013062810783416265,0.04851873605850345,0.022095487775856373,0.04218537883796395,0.013021183231027213,0.09366477851316689,0.09164919177128195,0.10342680671299286,0.036516311366042054,-0.00022463911630917562,0.03222580340846227,0.04232593367697597,0.025960400600912904,0.0393009614043056,0.027642122113963864,0.034241472958756417,0.07625264870118212,0.10820783659352229,0.09101450101487261,0.10397105667836626,0.10131571696648625,0.04774430364724125,0.0630185863442596,0.04628999954395132,0.056291440519145766,0.04131933618942566,-0.0021432978450100174,-0.00789030173706246,0.010855441785999854,0.042890723363668413,0.076371531679111,0.06451907693819252,0.03685135984903673,-0.0673754643270437,0.03848024998029792,-0.04896094629240897
-0.0074146639167698754,-0.022270182826439007,0.05950502324423801,0.08131754977437615,0.051931214632363866,-0.08609165317932348,-0.056526655248100285,0.14945336691127614,0.1639000384263213,0.2359386673010025,1.0,0.032323038465748,0.03837743843771998,0.003486926849279695,-0.0007491663215375872,-0.00635902747687788,0.036362346559244155,0.03040759115940935,0.02907343771050914,0.02526690423860483,0.030444266470223923,0.0031473517049321496,0.001779564304951229,0.0482734758433231,0.0876316583628603,0.0495867545074659,0.07293706267475504,0.0468325810959804,0.01698855886963928,0.030155638760429305,0.07927778686963485,0.026141167743044594,0.03773883921361372,0.010958772427761457,0.050134115482454916,0.053104451867395173,0.0836284166129824,0.07252413905666528,0.09520301259272483,0.06991380292377071,0.029954106404124117,0.047351872809755884,0.03094265122601137,0.06927671429076565,0.04849216700313836,0.00019736682010683404,0.04471967612540874,0.017342742086979928,0.014736418369980414,0.03832068817647205,0.04808662380151275,0.10037435497322016,-0.08017235512377305,0.05416768901145847,-0.06319303683403447
-0.045483792050732774,-0.08211027274120625,0.11958699086492472,-0.02868837586128537,-0.07123694834709393,0.027106954373080593,0.11446319302940501,0.10164481297238279,0.04296227183690938,0.04976962922522235,0.032323038465748,1.0,0.38855959259434836,0.267108882991296,0.1887725510651706,0.22568316011097284,0.2529369037977684,0.2106416669128092,0.062085680511111706,0.10911511480125514,0.11586286112239638,0.16841114173663238,0.240033499669676,0.005739694481077288,0.11679288060342198,0.13830876832338287,0.14529451857981107,0.07981694308863567,0.0998755299622632,0.0873547120178533,0.0512177239325822,0.04520819610427954,0.05271164828535952,0.03836101033660741,0.06496388269081368,0.12071664009992097,0.1478756630145238,0.1366654391154417,0.1343682457748403,0.15594546366604228,0.04979448849242672,0.06238817367275611,0.05808196235390038,0.03774303474255698,0.05269303149579252,-0.012103686423045925,-0.046790825172347415,-0.015591346972066192,0.025441350387528684,0.149483895075936,0.019162816618075007,-0.026981939725276044,-0.04639280046940301,0.010555959671697788,0.10779888875705475
-0.053609037162548244,-0.11810722682817443,0.08420741029264045,-0.03600783348840969,-0.05406529297590549,0.031419670702578124,0.1322379837922975,0.1074869115025142,0.06676322974641498,0.04938038234656763,0.03837743843771998,0.38855959259434836,1.0,0.2584473766993866,0.18430952622502603,0.21675567901929427,0.21608581312269814,0.168330535757591,0.02102652195507554,0.07591382139307681,0.09872737833026582,0.15183216622171744,0.20673742763438188,-0.008127745681499682,0.14818218599899408,0.16737527870231542,0.16691874998328413,0.11429637409386807,0.1091067673749955,0.07133626530850641,0.07259299734702229,0.08988268257156581,0.09859200908016492,0.06969032047515096,0.10401699890699159,0.16366003672800725,0.15541973857490288,0.11920125989820145,0.1421577319306128,0.12815047003091343,0.04267651231761941,0.08114836520470627,0.08953532649733018,0.04737739040306053,0.05157526749952389,0.017616369478851326,-0.04401176118090979,-0.0009750537340828674,0.031905663558372876,0.16232908177133784,0.0315443599268085,-0.020337998332581934,-0.06935061962778831,0.024997669913588864,0.08249154758924952
-0.04995721491672134,-0.08742414205842403,0.1084066116641018,-0.07691868640735487,-0.07008162815607628,0.04058743444963304,0.11173586493957695,0.06526404729536762,0.013411798478050335,-0.0006062911143551902,0.003486926849279695,0.267108882991296,0.2584473766993866,1.0,0.7728033834198653,0.7811729388450991,0.21869412278130482,0.1912594435229689,0.0726826290792858,0.08211033037420515,0.11110862280498056,0.14534413399456603,0.23145397364040438,-0.02423075760710166,0.0967274921556472,0.12478376602062259,0.13011383604629842,0.08094296307187826,0.14734201173885048,0.0622850999796976,0.03697596376034021,0.04172271049723129,0.055989624706812416,0.045357820796439546,0.04151804903600064,0.11623398636059223,0.12278749711053351,0.09697067609068663,0.11055746346142364,0.13843284308745243,0.015437700312295822,0.030577444499133247,0.035572641508126106,-0.005434846645885989,0.0005731670403293715,-0.007333759689820903,-0.05147091538240231,-0.011681678564968477,0.03042340859293541,0.15431012317057596,0.0034827509878863814,-0.06615597306488133,-0.002011159561070083,0.01677158280597077,0.10393275957923939
-0.020020469353251188,-0.07535347827635541,0.05793587410197712,-0.06058997483307914,-0.046404564912024306,0.021317841365242646,0.07627636208001107,0.022365219757622273,0.018978900234955694,-0.0035168014998682193,-0.0007491663215375872,0.1887725510651706,0.18430952622502603,0.7728033834198653,1.0,0.7556953672844569,0.16053578440750133,0.1643960447170711,0.06914797511924574,0.07975855820082824,0.06836360147524763,0.09101216703560842,0.16430571512662212,-0.030496446676881034,0.0806474695046778,0.10532629344250519,0.10744981623969009,0.08140535499763701,0.12115347931189292,0.05945392664845682,0.04002659355171836,0.05357231500414948,0.0750871955160955,0.05738817030026821,0.06601639956572665,0.09596158765131044,0.09413446333458997,0.08208664837441956,0.08642590507355169,0.10276448709096915,0.019860331154497674,0.026951427862323796,0.033877629497199434,-0.0026782140867958066,0.007634234761152893,-0.0069535958627731775,-0.04685023929910958,0.008468521984218587,0.021017291025644702,0.10814009287386535,-0.005033394020469455,-0.032895518393354486,0.006747938264152408,0.001698305707358345,0.07606895707419013
-0.03395715816139007,-0.07216078863415558,0.07695488712151323,-0.06996453659825459,-0.06331317505673728,0.03156933134479775,0.1089588586161228,0.03738415224548167,0.0014643815634994433,-0.007984732666121283,-0.00635902747687788,0.22568316011097284,0.21675567901929427,0.7811729388450991,0.7556953672844569,1.0,0.19316015288652444,0.18665811180997383,0.07681977254350833,0.08789631574250067,0.09171623530852747,0.12241687688768137,0.18727303730828807,-0.02468520886692539,0.09743431956600324,0.11072992479266912,0.11535292745535548,0.08350088306961002,0.12426632785923926,0.05867946328375851,0.0492294558702152,0.0576134023783088,0.07237840982707089,0.0572992335612322,0.04919727268835563,0.09257423795004231,0.10767911941458715,0.08674304756027146,0.0915905577358849,0.11891602709170243,0.019352501913084772,0.022026400450921142,0.0326499944730483,-0.004172791502361724,0.002083945509710433,0.002574815053840346,-0.05745801139932201,-0.022622033602441922,0.024527712753214827,0.10669757239141875,-0.005135155209260944,-0.05331453213789556,0.012444347250946316,-0.0004907128056999774,0.09408143631298287
-0.02270956687652927,0.020934034517011577,0.10025134024112893,-0.02150155099538481,-0.044278480670386644,0.0008918055687698306,0.09020575449987595,0.07851345988095682,0.031588254207172005,0.057475586334992675,0.036362346559244155,0.2529369037977684,0.21608581312269814,0.21869412278130482,0.16053578440750133,0.19316015288652444,1.0,0.8178614550153397,0.1102806881814863,0.12643723901458617,0.08146365873635726,0.121477127348965,0.2008978651769271,-0.015304397827831271,0.08177688322520553,0.08902699540707047,0.10368937301579562,0.04904925713162369,0.09889150659931166,0.02668249912892865,0.052903679069417994,0.06624260932882566,0.059961191041837336,0.06516584275684828,0.053287829550562923,0.10804061672551733,0.09958557797571725,0.08143270193973802,0.11152948103130636,0.12473819123055901,0.05029771670988958,0.07084515172226892,0.03087366307156238,0.041299762322996,0.034891703155264284,0.006083043297683694,-0.04212623605257053,-0.03801478364156691,0.008966081626004874,0.15299767270498538,0.04036735821801268,0.0014163373219107556,-0.08041869790853126,0.04686209579940495,0.09758292332592489
-0.017291185457713465,0.0016468932762630454,0.07914782784591605,-0.007110609086281025,-0.02100080230068236,0.004423597650170753,0.055536729092883645,0.06148102017598173,0.018531350165501857,0.024989669699847217,0.03040759115940935,0.2106416669128092,0.168330535757591,0.1912594435229689,0.1643960447170711,0.18665811180997383,0.8178614550153397,1.0,0.08878012303472423,0.10635618886202289,0.07083949255270902,0.09233486649502551,0.1575789516130856,-0.02587663168515604,0.05952373609415533,0.05611014078135322,0.06915660460240604,0.034785013059247215,0.07706457877107478,0.020896643291727933,0.04482978901870836,0.06955554104229629,0.054340700155716494,0.05764826354345452,0.04489230026721908,0.08092455471095639,0.05083173193838511,0.04741346026709173,0.08154818831692928,0.09818210820980418,0.04390664881113729,0.06044156569352464,0.032645190756286295,0.04252793098902022,0.041149007812009905,-0.01794417005410471,-0.045398874303042555,-0.04173146746045146,0.014081237662110085,0.1279666644305374,0.02629812389922345,0.005346142027140557,-0.07065626385480189,0.03141776254146858,0.08360717073123505
0.035760718602247374,0.05530311540058025,0.07285250327612112,0.03211107143592874,-0.021957578340246378,-0.03166672251148465,0.028664774555456508,0.020412253701380025,0.036966381363456466,0.02480403911469708,0.02907343771050914,0.062085680511111706,0.02102652195507554,0.0726826290792858,0.06914797511924574,0.07681977254350833,0.1102806881814863,0.08878012303472423,1.0,0.2224049164023013,0.10285875663361453,0.10716367122077396,0.12184665859880614,0.05069852861524877,0.08956310578521288,0.09211311315915675,0.11759095083083008,0.07437971346217347,0.04988427636578208,0.05425436275105661,0.039481136911268186,0.048254462083034654,0.07425622387775138,0.053080793323124056,0.06562009171132946,0.08099557094913486,0.06290589303010534,0.07785803389382003,0.08019924726699325,0.08762511643871407,0.052082667188449755,0.02971866089994447,0.04759586406650377,0.03854604446726469,0.03322839830184527,-0.023912155942927924,-0.04264868758459651,-0.01954033437408526,0.04780481861642664,0.06833235600399593,-0.017323935557465406,0.013175633360562638,-0.018520475515278672,0.011226503499698127,0.006364426139059929
0.059598908584358866,0.02417613641767737,0.15673848368428794,0.02315340332123046,-0.03706301478350919,-0.01777292427487898,0.048450112186315834,0.06043046471195164,0.04464640987148857,0.013062810783416265,0.02526690423860483,0.10911511480125514,0.07591382139307681,0.08211033037420515,0.07975855820082824,0.08789631574250067,0.12643723901458617,0.10635618886202289,0.2224049164023013,1.0,0.12267003168573677,0.12161397704680485,0.12517119164443338,-0.0012072972404703387,0.10359377641149897,0.10036143117222253,0.10625554579889084,0.07914411312427884,0.04420841249486136,0.050185738561764164,0.06093269792493461,0.07208777691811197,0.07500113043707406,0.060360942783471476,0.0728785672341366,0.10543066422274407,0.0752782957944482,0.09037004874941774,0.0895595804884771,0.0914238315282077,0.058311439438762304,0.032354356495151344,0.03888312296625339,0.060885748269586766,0.04264205192954017,-0.015286077691075985,-0.043751679335663554,-0.004282284478190318,0.05030908182986834,0.10115548088594886,-0.044083350103796486,0.018441332288604208,-0.003817988630846085,0.03415487856745571,0.034163744714309406
-0.008170001469214545,0.01027296313924372,0.0757271301301438,0.022528842867745324,-0.028199389883321116,0.020053472546015805,0.04944586741705839,0.0885282002747632,0.029421598829979412,0.04851873605850345,0.030444266470223923,0.11586286112239638,0.09872737833026582,0.11110862280498056,0.06836360147524763,0.09171623530852747,0.08146365873635726,0.07083949255270902,0.10285875663361453,0.12267003168573677,1.0,0.4493995065477754,0.4205681585958189,0.01833954608218156,0.08151403869629792,0.10840905795537915,0.11551020458989637,0.06649591586542367,0.06338511037495564,0.06331379664378661,0.013491447702775845,0.039080558802100006,0.04926069006364352,0.01915979391923373,0.025302887133086226,0.08076676164288955,0.09536764997390076,0.11058429919805714,0.10721383510659456,0.11992364724361952,0.06261583288980982,0.04226406898259089,0.020395981723818794,0.02689103326613085,0.01656492611769276,0.013354736263557238,-0.047285271058349836,-0.0020495074606534523,0.04801336652969771,0.06661592357680199,-0.006175460124840153,-0.0185956212573929,-0.03082756099470275,0.002392211768623848,0.06034791137751643
-0.007238207544648441,0.0006172647863243263,0.07144287871830889,-0.0351687638567586,-0.05241114175792909,0.04738667584897747,0.09706321136241557,0.07031446613305396,0.026404692199054225,0.022095487775856373,0.0031473517049321496,0.16841114173663238,0.15183216622171744,0.14534413399456603,0.09101216703560842,0.12241687688768137,0.121477127348965,0.09233486649502551,0.10716367122077396,0.12161397704680485,0.4493995065477754,1.0,0.5453039368540541,0.03742488568468915,0.07982004086156406,0.09353157415049657,0.1306515187084096,0.052018358421392186,0.0728714158754339,0.051825542161217326,0.002984738723696393,0.017652796517278455,0.031754740534760524,0.018522582063584463,0.015106458170765516,0.08461872318018791,0.10839422740042244,0.10590738162196944,0.09572289634506659,0.11957887071049961,0.04132182225265137,0.03267272559105535,0.024278959902846505,-0.001110299692063556,0.006056563923227654,0.017583038744203312,-0.03144677098692207,-0.010696165765607411,0.037551398862366615,0.10447291696144352,-0.011851203097164678,-0.07794503663277767,-0.018337826795610294,-0.01920119057763208,0.077133977957115
-0.0031344305657320637,-0.02545375229369934,0.10816992242839107,-0.04875362029430018,-0.05173355503382367,0.026619051201504946,0.14528146986926763,0.08497291237565739,0.047203884279635816,0.04218537883796395,0.001779564304951229,0.240033499669676,0.20673742763438188,0.23145397364040438,0.16430571512662212,0.18727303730828807,0.2008978651769271,0.1575789516130856,0.12184665859880614,0.12517119164443338,0.4205681585958189,0.5453039368540541,1.0,0.0028688885481103253,0.09554456224818676,0.10540879363651037,0.1426476439743888,0.04331731163716587,0.07429508209771107,0.04862117835644449,-0.007771133445302505,0.018053416045663035,0.023263145927533733,0.005651114773172216,0.01795466393525257,0.1176465793027288,0.14015072319709285,0.11807909835183789,0.1344210809255516,0.1774452130127418,0.03056349225400831,0.044619166223461355,0.024448284638543014,0.0020818379562913994,0.0120281172471461,0.022043085715502196,-0.03939541001183938,-0.025120568827734488,0.03554629795117705,0.1424546184115198,0.0005987727426397545,-0.05528618264764633,-0.023613502614052505,0.03665121166294391,0.11061276249364442
-0.00258962469890153,0.01683182675925223,0.03671920351082262,-0.004851189790958859,-0.014779697342285417,-0.04617949482758454,0.005013306970180571,0.06281639726340214,0.03803580111244037,0.013021183231027213,0.0482734758433231,0.005739694481077288,-0.008127745681499682,-0.02423075760710166,-0.030496446676881034,-0.02468520886692539,-0.015304397827831271,-0.02587663168515604,0.05069852861524877,-0.0012072972404703387,0.01833954608218156,0.03742488568468915,0.0028688885481103253,1.0,-0.0005702524172105945,-0.0014164425155641937,0.011684215151573817,-0.022251685002798997,-0.034430372696936606,0.027636890187110717,-0.014759808288077008,-0.034308614649846296,-0.03013316470621976,-0.03768774804486229,-0.024322586157801782,-0.0045799525484958555,-0.0006385532135589719,0.008561516364444553,0.0021825010260774296,0.023416064271089207,-0.017987313084342964,-0.00827750369092151,-0.011283685747338668,-0.008724847946972284,-0.016612998168826984,0.052022276991473174,0.035691220772372446,0.004770602300888181,-0.043688222689981175,-0.015215889187512191,0.016642433690059653,0.009243934335314655,-0.00754900286410129,0.03465385834247879,-0.03850148144998083
-0.011847024007973054,-0.15332363339309205,0.0454726504295966,0.03190422520406913,-0.02016440807984127,0.003823550308673257,0.03536164915643889,0.06071317338308725,0.08682026307264094,0.09366477851316689,0.0876316583628603,0.11679288060342198,0.14818218599899408,0.0967274921556472,0.0806474695046778,0.09743431956600324,0.08177688322520553,0.05952373609415533,0.08956310578521288,0.10359377641149897,0.08151403869629792,0.07982004086156406,0.09554456224818676,-0.0005702524172105945,1.0,0.513993469210506,0.37184971184164406,0.49962654650035515,0.15126041568347015,0.19605138799160682,0.412753942289909,0.2390684791064497,0.27170480669761216,0.2193054693533764,0.3258059651684325,0.2668075685053699,0.29448178055137914,0.3335930720422332,0.28351759716240726,0.23253068141595123,0.10943153505283101,0.16354984952891718,0.1740382328851103,0.16922457234407684,0.12828530916662936,-0.017499054183125227,-0.061847466012106944,0.00039392008659445553,0.11728359429604768,0.16193280125164583,0.028878959090712322,0.13693931269130946,-0.09037490685728655,0.07201207736526581,-0.030245075358180964
0.032432979445770733,-0.1370441568232376,0.06957499034235036,0.0030335930708847007,-0.04296704921781258,0.048924266382761886,0.08050585314180501,0.08046900235802748,0.08426463298820126,0.09164919177128195,0.0495867545074659,0.13830876832338287,0.16737527870231542,0.12478376602062259,0.10532629344250519,0.11072992479266912,0.08902699540707047,0.05611014078135322,0.09211311315915675,0.10036143117222253,0.10840905795537915,0.09353157415049657,0.10540879363651037,-0.0014164425155641937,0.513993469210506,1.0,0.48823344691277937,0.6913463552667605,0.17186167360387972,0.20092952952787746,0.2593373039537934,0.27743898687469154,0.3279057700347557,0.2521879549788895,0.3072192390381219,0.31388347045291853,0.31351026503193585,0.41332486744709435,0.3690029343562697,0.2940928433186291,0.14465923131827743,0.14885679489305573,0.1924934051999153,0.16822855942037115,0.12464087502181866,-0.03976526988736113,-0.06862119704941115,0.0061428983496868515,0.12963497970499202,0.18745758284886144,0.0029005612696257296,0.06954997162689382,-0.05035360043588192,0.06117490325956763,0.008641587242549586
-0.002096375333975741,-0.06230673380078306,0.09435096705267404,0.0036664331255554235,-0.04104255466361421,0.022479296386763627,0.10629102178491417,0.10557674711255606,0.10048729775157561,0.10342680671299286,0.07293706267475504,0.14529451857981107,0.16691874998328413,0.13011383604629842,0.10744981623969009,0.11535292745535548,0.10368937301579562,0.06915660460240604,0.11759095083083008,0.10625554579889084,0.11551020458989637,0.1306515187084096,0.1426476439743888,0.011684215151573817,0.37184971184164406,0.48823344691277937,1.0,0.34837907898939247,0.13065567927743313,0.24438312590767874,0.2046142675277464,0.20555861914658977,0.22539817269801043,0.1809842144357459,0.21381806174685158,0.260528268696828,0.3197250169486804,0.4265253607811332,0.3915109683065499,0.32550650774014833,0.07938101956961624,0.07116753404846576,0.09151681553469958,0.08293667273259078,0.04779899310447596,-0.019050828287695762,-0.03521926756620777,0.013586947226339572,0.08508229219252195,0.17917978442014768,0.018756246040507893,0.0407603245248296,-0.052385402163448794,0.04703330805688787,0.0197899870459636
0.052659032278129146,-0.13476703153522573,0.012389390678162396,0.015141861901502511,0.0016801567600477417,0.028959241718063054,0.02469537844941861,0.03968617059683328,0.04891866855619189,0.036516311366042054,0.0468325810959804,0.07981694308863567,0.11429637409386807,0.08094296307187826,0.08140535499763701,0.08350088306961002,0.04904925713162369,0.034785013059247215,0.07437971346217347,0.07914411312427884,0.06649591586542367,0.052018358421392186,0.04331731163716587,-0.022251685002798997,0.49962654650035515,0.6913463552667605,0.34837907898939247,1.0,0.14064211864708845,0.17032171401108828,0.2585972208271614,0.2617710501402394,0.3085768998742101,0.2488134399193755,0.30017563882396586,0.2589652211106601,0.28562177829554436,0.3813006073323994,0.3024102338755602,0.21500983232485227,0.13034598178247672,0.13551914483200228,0.1819560192333761,0.14814073155891838,0.11569854271342889,-0.02008975781176925,-0.03621193076825337,0.02015574208984104,0.09115786397847984,0.1545682828062881,0.014606388848604879,0.08102320664569047,-0.05459320034966126,0.05078079777717337,0.002942861275326331
0.026393255647320077,-0.047599118434818295,0.004622702730497619,-0.017792110683940734,-0.02736462792616733,0.04265055215821167,0.04600957022171805,0.009578409909731415,0.006103991599600804,-0.00022463911630917562,0.01698855886963928,0.0998755299622632,0.1091067673749955,0.14734201173885048,0.12115347931189292,0.12426632785923926,0.09889150659931166,0.07706457877107478,0.04988427636578208,0.04420841249486136,0.06338511037495564,0.0728714158754339,0.07429508209771107,-0.034430372696936606,0.15126041568347015,0.17186167360387972,0.13065567927743313,0.14064211864708845,1.0,0.16208806223617048,0.1675449797166909,0.16717887623642816,0.18285203249498083,0.16746492111408903,0.16226534245961033,0.1208460746926827,0.12904139251379199,0.12886892430819982,0.12008806727676198,0.08875106569986053,0.06872482423012599,0.08297573717551703,0.10009384878649208,0.06815867347906271,0.0773379846646569,-0.04694159238143092,-0.057486014195283916,-0.025482222330634907,0.0592892885992127,0.12700145782879782,-0.016058936882508215,0.02781881074742321,-0.03874396376378759,0.011306248372357231,0.018083963851750814
-0.007225947018160008,0.006821833678554342,0.047372186443998064,0.018719077438457035,-0.015696745738058068,-0.008854862169902925,0.012843975082920372,0.0605970284292186,0.06752596367021424,0.03222580340846227,0.030155638760429305,0.0873547120178533,0.07133626530850641,0.0622850999796976,0.05945392664845682,0.05867946328375851,0.02668249912892865,0.020896643291727933,0.05425436275105661,0.050185738561764164,0.06331379664378661,0.051825542161217326,0.04862117835644449,0.027636890187110717,0.19605138799160682,0.20092952952787746,0.24438312590767874,0.17032171401108828,0.16208806223617048,1.0,0.14168378331029793,0.11143276611519078,0.11403119338912807,0.11511716871943461,0.126595540576106,0.15288161629855823,0.15292184183750082,0.20233422083061878,0.18842638720385124,0.15208878791409414,0.02753728757640054,0.009966403586723953,0.02791638769507023,0.03145307316691985,-0.0020306361511009856,-0.03157107047624011,-0.013280143439723396,0.02227368986287293,0.015136758814535826,0.10899886972756266,-0.00022289132009406819,0.04893124661240805,-0.061253833916374165,0.023122376357420288,-0.03570554988864438
0.06440195438157464,-0.13026187792469476,-0.01713126294118076,0.03826458982948039,0.061937933793386066,-0.0006295327922601468,-0.024522395255508707,0.0041599858375369475,0.03158114615761906,0.04232593367697597,0.07927778686963485,0.0512177239325822,0.07259299734702229,0.03697596376034021,0.04002659355171836,0.0492294558702152,0.052903679069417994,0.04482978901870836,0.039481136911268186,0.06093269792493461,0.013491447702775845,0.002984738723696393,-0.007771133445302505,-0.014759808288077008,0.412753942289909,0.2593373039537934,0.2046142675277464,0.2585972208271614,0.1675449797166909,0.14168378331029793,1.0,0.5604068285349044,0.5126156029457398,0.5194851339688438,0.5429692045517388,0.35469787478240294,0.3314202033958284,0.2312239133961106,0.1972871526002164,0.17583718654783562,0.1452397936714284,0.21003558987126714,0.18561046595550282,0.20462618704171795,0.18118007447383633,-0.053670967385088,-0.04080706575057163,0.00029701033017202243,0.09037139850578818,0.11830841487289184,0.029605178341454406,0.21610782241421975,-0.09833525051441969,0.08020072565934042,0.00395603523095978
0.1966156813118262,-0.11653289767638612,-0.03722022956541063,0.03469790447163826,0.04789926763597534,0.026392480998176208,0.01637067632737074,-0.02557937184328592,0.025127240427366762,0.025960400600912904,0.026141167743044594,0.04520819610427954,0.08988268257156581,0.04172271049723129,0.05357231500414948,0.0576134023783088,0.06624260932882566,0.06955554104229629,0.048254462083034654,0.07208777691811197,0.039080558802100006,0.017652796517278455,0.018053416045663035,-0.034308614649846296,0.2390684791064497,0.27743898687469154,0.20555861914658977,0.2617710501402394,0.16717887623642816,0.11143276611519078,0.5604068285349044,1.0,0.7678813507264175,0.7580888715178113,0.55576659139436,0.32992297193197395,0.28010947839143907,0.24198391337652161,0.20396566330705432,0.1560208741143093,0.2058248193267175,0.22749103353326516,0.23248103805020118,0.2230665923988849,0.20950898867329104,-0.06954170479395146,-0.04919496837032439,-0.01887596942899311,0.08548837828567601,0.14384073431014388,0.0019386604812251802,0.15863875719736645,-0.07934225204164777,0.06549175064469565,0.013465994950397454
0.20184967413974014,-0.14679205745797447,-0.011118747975993815,0.04555753290997514,0.04675113053352223,0.03504284818116336,0.021686927944906998,-0.015133891336693885,0.033336173946788325,0.0393009614043056,0.03773883921361372,0.05271164828535952,0.09859200908016492,0.055989624706812416,0.0750871955160955,0.07237840982707089,0.059961191041837336,0.054340700155716494,0.07425622387775138,0.07500113043707406,0.04926069006364352,0.031754740534760524,0.023263145927533733,-0.03013316470621976,0.27170480669761216,0.3279057700347557,0.22539817269801043,0.3085768998742101,0.18285203249498083,0.11403119338912807,0.5126156029457398,0.7678813507264175,1.0,0.7472457523838981,0.5488157895751851,0.35635115983009075,0.27337605827149447,0.2752858400568563,0.23946227930204156,0.15560483863132724,0.21096868177477188,0.22706384942292324,0.24935641268493264,0.23531376631500145,0.21748703988817883,-0.06305255403169033,-0.05485356123079932,-0.016322876961003093,0.10949456076367747,0.16656299625439952,-0.005267523108510665,0.14814825527885578,-0.07742275578625193,0.08625854991829422,0.0031668757971878153
0.19545005265834992,-0.10893159463242731,-0.022635776122827463,0.053552914791452966,0.05304216886189189,0.015271342965642464,-0.007722507436397677,-0.026914990815681206,0.005301805349427379,0.027642122113963864,0.010958772427761457,0.03836101033660741,0.06969032047515096,0.045357820796439546,0.05738817030026821,0.0572992335612322,0.06516584275684828,0.05764826354345452,0.053080793323124056,0.060360942783471476,0.01915979391923373,0.018522582063584463,0.005651114773172216,-0.03768774804486229,0.2193054693533764,0.2521879549788895,0.1809842144357459,0.2488134399193755,0.16746492111408903,0.11511716871943461,0.5194851339688438,0.7580888715178113,0.7472457523838981,1.0,0.5130026838239942,0.2979136213945619,0.2411447969039935,0.1959786003992523,0.16646185384266857,0.14070992638216256,0.18080228771491286,0.19563529822599143,0.19912285996903203,0.20418240765444767,0.19259843076990754,-0.057387311465100864,-0.048854906973076276,-0.017267733640191834,0.08079239583824833,0.1383162226939252,0.014647180993684634,0.1504654122200586,-0.06820263884168373,0.08229663638580355,0.02161286637176968
0.21373940450634135,-0.18365132576086654,-0.021992373038269165,0.07016454739591611,0.050928645786169256,-0.0011912782259855621,0.002643289771464402,0.0002577341338983322,0.03474745202693897,0.034241472958756417,0.050134115482454916,0.06496388269081368,0.10401699890699159,0.04151804903600064,0.06601639956572665,0.04919727268835563,0.053287829550562923,0.04489230026721908,0.06562009171132946,0.0728785672341366,0.025302887133086226,0.015106458170765516,0.01795466393525257,-0.024322586157801782,0.3258059651684325,0.3072192390381219,0.21381806174685158,0.30017563882396586,0.16226534245961033,0.126595540576106,0.5429692045517388,0.55576659139436,0.5488157895751851,0.5130026838239942,1.0,0.4018663425937175,0.32802831193418663,0.27720054813023054,0.20492841284944371,0.1710743110931068,0.24023191548327535,0.2691240477519337,0.28333495280798493,0.26119232770809575,0.25191166250290203,-0.047897936241698004,-0.07122321564699503,-0.011078930841705659,0.11180791692135379,0.1701881434434518,0.023632905472430327,0.16296072409496382,-0.1018076309012207,0.0936465578672186,0.01631311290305266
